0.940321688538
0.869948710739
0.882350408272
0.889229999484
0.906320649739
0.842175190241
0.845905570838
0.873029106964
0.947878557632
0.927960098224
0.82219139469
0.940728076725
0.739953061511
0.837476653227
0.82188196676
0.815112014778
0.923703053275
0.83759246947
0.928887328421
0.860379440359
0.853199557309
0.846926760298
0.662881592947
0.918160457408
0.78536213437
0.905794640658
0.882947395505
0.844760214054
0.806425307172
0.89553732097
0.918524471425
0.967609650944
0.878157056688
0.860335512043
0.840371616219
0.914663698322
0.920247257749
0.699342495818
0.864330464729
0.875670878272
0.888854497798
0.953282942951
0.988350494436
0.977018216422
0.946800970798
0.801524042255
0.588410834647
0.862726961096
0.870800993806
0.732960672467
0.513158580509
0.875717839311
0.780926444946
0.777220062501
0.800633776721
0.944337517658
0.857798281287
0.672578046313
0.736330867056
0.733864927175
0.715538119882
0.786965432864
0.682834514288
0.854513814646
0.671543059368
0.784129531022
0.903914290304
0.895145866112
0.705880266252
0.854513814646
0.892368103213
0.668389110902
0.442080784863
0.746504141535
0.921167380019
0.630412617896
0.931460532301
0.878111938926
0.874079059584
0.875406623778
0.816258107163
0.400471755442
0.801582570509
0.673504816594
0.714992813047
0.871648312039
0.816258107163
0.82400374555
0.951486042465
0.883852890808
0.734250870085
0.739166523863
0.740190064886
0.905856027022
0.740190064886
0.792281133761
0.865272276878
0.420202422869
0.807010130303
0.911989739979
0.875149834299
0.947631278457
0.889674294403
0.90970134817
0.807010130303
0.772191501178
0.902511084962
0.881417429131
0.701252352817
0.730321794945
0.682161084698
0.804620846745
0.674398128443
0.88592757746
0.754011824291
0.656215498926
0.819563453511
0.898218212963
0.895611679092
0.723138334542
0.519925200889
0.756297813163
0.945475648399
0.798411138145
0.789858917232
0.70237493871
0.898879241115
0.969187478222
0.931856969403
0.963489404962
0.992346694537
0.514496082828
0.963584552789
0.680449752099
0.943060212013
0.871628155349
0.909712140787
0.94510129551
0.863653191573
0.482720086147
0.648641999604
0.875571131057
0.946472239623
0.980176551071
0.971052850427
0.885694925087
0.799079340857
0.894416960791
0.849334460643
0.933523867397
0.924827473413
0.89607727436
0.798792889506
0.949820524757
0.955429907778
0.91575245994
0.740933875886
0.917790343573
0.939673571985
0.883993600641
0.970091653635
0.982409357281
0.874132238992
0.891963821999
0.669726362729
0.412440625645
0.775454194166
0.990224052787
0.958047309172
0.862801491959
0.973249192509
0.944969915255
0.935974763702
0.429025685183
0.469625374727
0.936101756079
0.87523742543
0.921399556485
0.904136921047
0.791228458666
0.846737660095
0.22275604976
0.935128206732
0.897153743701
0.936893321884
0.964487096632
0.37470922796
0.880092054299
0.978360170577
0.808162575362
0.648904806638
0.966961299334
0.95571779129
0.949094474918
0.944776777437
0.98402012434
0.957856534209
0.819901372644
0.941551135958
0.952278915817
0.92519630505
0.832443261234
0.910797841496
0.622011997376
0.829857598389
0.803207359376
0.827503266216
0.904966309398
0.762688663933
0.889742875038
0.458577261769
0.616293896073
0.980430089411
0.855842247376
0.956743609038
0.925013615878
0.931962285435
0.643871177788
0.804253892566
0.445886304279
0.697792715282
0.925720135128
0.594305134442
0.920229425557
0.90424653792
0.948550757627
0.919765643359
0.713512492302
0.683285052806
0.975773100771
0.859903353341
0.927242387642
0.68963852353
0.471343751902
0.94200037718
0.885579171457
0.967215646723
0.87451301053
0.914527755625
0.830018109348
0.455050378978
0.874214329085
0.799730043547
0.836910150962
0.835301288137
0.549123264125
0.847198659011
0.771398275274
0.782298364728
0.955730981715
0.842781358152
0.890237831147
0.861533372074
0.710476710035
0.906415103944
0.925341498255
0.93374749822
0.724681766614
0.861402245952
0.760448822372
0.740987874716
0.777487144738
0.739048297004
0.729025894601
0.706289752451
0.719770550545
0.719770550545
0.825357620528
0.421867116483
0.888374311084
0.884769830256
0.827755617255
0.90252664513
0.865665922091
0.422844646433
0.807756794371
0.664214878419
0.890684153558
0.599784604007
0.816003897811
0.940200125563
0.724995850803
0.92567165986
0.914503719003
0.943761840575
0.937178087018
0.898660756917
0.799986172927
0.868539964998
0.827852432348
0.669736066941
0.923570222543
0.940780402737
0.892488045876
0.898059049099
0.897534031597
0.857489482095
0.874685142005
0.889517918988
0.866914078415
0.786366037391
0.471143429157
0.765893486959
0.977503274378
0.964500457674
0.886785820991
0.854044447644
0.789221078103
0.768431115681
0.666336158092
0.962025664732
0.919533518951
0.859363528665
0.93919142381
0.949180042742
0.643698275544
0.407891763838
0.876555731023
0.790195249333
0.829744080852
0.918938417232
0.882237246957
0.930745508823
0.86593149993
0.755671765968
0.744341723065
0.949385028419
0.950227250541
0.606717067471
0.734314241165
0.898211368676
0.825090914398
0.9111775405
0.810461066392
0.82151023852
0.710175361252
0.616617500153
0.806762959179
0.586614187785
0.867946104545
0.809376101366
0.880961883605
0.850136015045
0.832579458324
0.884782522454
0.88935075096
0.86880316136
0.906595877892
0.695257792281
0.717316494207
0.828043935013
0.933344730545
0.828043935013
0.886781578918
0.777295950748
0.820680184226
0.682195854619
0.690275714252
0.820680184226
0.839429943396
0.830643489246
0.883779742369
0.655837213762
0.659758413536
0.721472838407
0.649923183396
0.749758586155
0.798200871271
0.753672391898
0.824112030005
0.736962730912
0.616084099523
0.957024305098
0.886996799328
0.851232721755
0.878912924158
0.937820047125
0.785358649258
0.912022063353
0.627392722705
0.814797221294
0.880199201395
0.809535051337
0.690043965748
0.841472316735
0.937021128081
0.7306961149
0.793362969982
0.794272885911
0.826539247755
0.946560154171
0.898159064581
0.824145961836
0.834643957136
0.763608513327
0.782729420017
0.974139766653
0.907193811737
0.771929156471
0.719521356149
0.872587478485
0.855329319064
0.853198544371
0.799206352518
0.779522826295
0.724681586929
0.881999735184
0.665154905757
0.862222316016
0.871386909956
0.833785877452
0.903104432327
0.835289366864
0.945914398551
0.923988355403
0.936966603488
0.927166864958
0.771924573065
0.769603775984
0.880535178137
0.899381738789
0.656002418211
0.912442661837
0.558272215418
0.89819400249
0.956066036728
