0.835293455232
0.813908793918
0
0
0
0
0.858046272456
0.885566061537
0.938746262968
0.939390944083
0.925008128459
0.955940685559
0.825280283591
0.753514633338
0.755587559545
0.60043565448
0.82903208488
0.87458264433
0.957326581205
0.919937082228
0.92037150273
0
0
0
0
0.964271192503
0.913257096396
0.928696626934
0.964538584001
0.977075460401
0.924100869758
0.966016361302
0.877746476396
0.88947228407
0.782168852622
0.914663704829
0.960391912309
0.918346717343
0
0
0
0
0
0
0
0
0
0.774640350843
0.77720004789
0.936252612423
0.78737708909
0.763240842086
0.862935014764
0.868306499029
0.822389467618
0.791644856853
0.708624860118
0.942809791763
0.714280772242
0.758479969745
0.743866027798
0.854644483883
0.876416066744
0.875829802665
0.774051068478
0.960647885453
0.924963157394
0.920359332239
0.784202218889
0.875829802665
0.954422138811
0.774439565715
0.582863606484
0.76020361649
0.834756660594
0.863204852223
0.832514010536
0.849244517723
0.962089118413
0.9460921103
0.939184084536
0.456232129441
0.801582579463
0.67688960923
0.72800998247
0.95161736147
0.939184084536
0.851141819598
0.837227626835
0.908870283675
0.82784924935
0.789749745311
0.84673120394
0.905855953329
0.84673120394
0.775103406531
0.907330522229
0.532921514909
0.760875001134
0.986331042214
0.861009460656
0.904695171134
0.908176900084
0.957976774639
0.760875001134
0.722726935203
0.902511167573
0.904812923515
0.701252335607
0.730321869819
0.67734485672
0.830977743691
0.816521125961
0.945132565255
0.686132362404
0.771164844888
0.696570258141
0.932088565547
0.908567124544
0.738129193921
0.491161384635
0.62753584172
0.872131725664
0.757744149517
0.789858896019
0.939731486403
0.819980025355
0.883625256008
0.867302689379
0.981897693448
0.992346706375
0.407093170282
0.970412165768
0.620391556996
0.966964699148
0.894301474459
0.79284114767
0.956688138857
0.858354429191
0.655298502486
0.727790262913
0.864296121188
0.914152583044
0.988403500809
0.986728812755
0.971602925962
0.826116072271
0.904749984935
0.855327502206
0.90819403579
0.964505861603
0.890980499621
0.767606075823
0.891242993644
0.988956313969
0.881173690815
0.74276446492
0.884110653738
0.939673611979
0.977599735847
0.970091740024
0.982409405334
0.89663482297
0.982597687696
0.831117301317
0.606772170192
0.704792428776
0.924708596767
0.895525528453
0.734359902197
0.912040999205
0.819088077252
0.816442315913
0.483324197988
0.500767978946
0.954483301389
0.915233337454
0.922683926045
0.927955692184
0.830866001437
0.8493629575
0.304597093146
0.930877862647
0.929095456679
0.924893047999
0.955288002501
0.667502493451
0.896633377047
0.986536303876
0.837339826995
0.689340225371
0.978909892303
0.960641428758
0.960328314413
0.954631797322
0.992739549491
0.97575976668
0.808857942815
0.916610731872
0.905557385074
0.847361148215
0.802974943855
0.764170643236
0.670155647408
0.79388679263
0.738618876523
0.799939049249
0.820498389131
0.690981525086
0.824204519023
0.596860328763
0.601260665014
0.956762758666
0.846418423883
0.949365028582
0.966192248014
0.930073123647
0.757573853564
0.724312950239
0.494297838264
0.748723997979
0.918590385624
0.679335848994
0.872597995813
0.847890337536
0.887531812424
0.873106071377
0.694279983816
0.683284979346
0.975773055985
0.875682751141
0.98787124327
0.426988050749
0.366420221925
0.965859919139
0.884677066375
0.958863257054
0.95692428726
0.899725087714
0.957774985776
0.530700835036
0.913037381244
0.830479040208
0.821765830152
0.797895424469
0.738213413929
0.890301669992
0.532640443354
0.745107393432
0.813012542816
0.882686071032
0.745235445273
0.902249449746
0.857606209924
0.756135297241
0.762243637068
0.954813618381
0.736042932132
0.867315603011
0.679702932383
0.846143514179
0.898662247594
0.926155712646
0.682341332967
0.807498045654
0.946217612786
0.946217612786
0.771558902687
0.354112762841
0.972134147379
0.968798446078
0.914105752574
0.976033266344
0.947963979061
0.492764264887
0.854875991451
0.914776043987
0.476951092205
0
0.857705112765
0.929470808502
0.767870901986
0.984674551817
0.951951434003
0.974083930719
0.962377831703
0.898945949198
0.849081155959
0.918426712978
0.847318703528
0.823314878681
0.927111483887
0.949643422575
0
0
0
0
0
0
0
0
0
0.765893435688
0.985934754878
0.970951589467
0.856589890824
0.819038436607
0.530412773693
0
0
0
0
0.963987988942
0.922068377939
0.949180094625
0.863407019787
0.598699702028
0.904499325013
0.729560700096
0.829744035424
0.941643531655
0.902084473157
0.978291040688
0.86593153486
0.78190279126
0.856654730701
0.949385132605
0.983183065301
0.652407199394
0.630405086763
0.775998985675
0.842365621327
0.71363077037
0.757750146637
0.837151002023
0.968250508396
0.910940121189
0.80511429495
0.971514286064
0.865461782909
0.674915315563
0.927108276898
0.957404949188
0.807752674225
0.910450266264
0.87833606097
0.939476367264
0.956158275108
0.695257882384
0.94711823639
0.923370379397
0.778577967054
0.923370379397
0.844920356779
0.948583696125
0.900657641699
0.695038994548
0.731045717086
0.900657641699
0.862825369787
0.880656616578
0.847675115539
0.833990104272
0.890361365931
0.749470024876
0.665176123211
0.793355975484
0.761965761065
0.726419228829
0.942407696207
0.892938803948
0.686801281287
0.836225796674
0.928842296054
0.930098664872
0.846088645355
0.912158368873
0.910820622671
0.912022122643
0.698806480738
0.81392402251
0.930379502103
0.759199859742
0.718441388141
0.841472296482
0.937021144123
0.690275219776
0.771341999582
0.697722103702
0.920828653462
0.884391299227
0
0
0.946478283276
0.815189726272
0.77466865882
0.955524266952
0.870427330857
0.403947845808
0.645397899343
0.873528532101
0.794408869647
0.686944711591
0.802574632852
0.779522885408
0.826751799569
0.853149397816
0.515946126581
0.882080321071
0.903107262064
0.95936421219
0.879414374967
0.819637386034
0.917864794372
0.873129015774
0.907878307346
0.910623929804
0.891395437312
0.910349561232
0.876696813245
0.980504086985
0.937474212892
0.976066401215
0.872250944307
0.898194073331
0.778451726361
